img000_RT001.jpg 0.0689657598377875 0.11342915461477554 5.547862968633945 0.8541257177031863 -0.17653132420113948 -0.2345799454260905 0.4292763668520566
img001_RT001.jpg 0.06906482287173994 0.11256050725554355 5.5606117427229265 0.8559441609158008 -0.17848322633830416 -0.2331249958257591 0.4256243268790629
img002_RT001.jpg 0.06489073071286208 0.10870910138780307 5.5302474891545454 0.8554506758672029 -0.17798287898266768 -0.23274927590257993 0.42702928531215717
img003_RT001.jpg 0.0718191363471576 0.11597070197739985 5.56113771638092 0.8509050816433715 -0.17593687883706735 -0.23621970152135668 0.4349793205564137
img004_RT001.jpg 0.06949002314411744 0.11724900899517166 5.567365338236842 0.8511425954702139 -0.17921312054368402 -0.23351248823479398 0.43463876660925926
img005_RT001.jpg 0.06831465689089893 0.11296728199488881 5.540439601567045 0.8534657352756693 -0.1798954373755964 -0.23460254348496265 0.4291800518572482
img006_RT001.jpg 0.06669311816606101 0.11085926394392615 5.542680065295052 0.8528743063758762 -0.17943329262647356 -0.2376069783305296 0.4288962985031763
img007_RT001.jpg 0.06795435564508366 0.11446277523243961 5.5449992657976175 0.8530035007188982 -0.18008148355163964 -0.23841791343003857 0.4279165638285248
img009_RT001.jpg 0.06563790124856952 0.11689021985470291 5.543287970558421 0.8510943627799374 -0.18201718500918349 -0.23860958532415993 0.4307825388719666
img010_RT001.jpg 0.06644543251700229 0.11199645233662593 5.522160595714248 0.8511770106368315 -0.17937050664422802 -0.243676245228605 0.42888903625626634
img011_RT001.jpg 0.06325160892967623 0.11381187974602403 5.491126325375738 0.8533027126734936 -0.1792448010792075 -0.24409774933939185 0.4244550277680498
img012_RT001.jpg 0.06797547465125679 0.11603516607569349 5.532650293034868 0.8517227726986448 -0.1825789025678441 -0.24198496166910421 0.4274067630836655
img013_RT001.jpg 0.06533357664565598 0.11668159474104862 5.54161954630985 0.8514657486390965 -0.18868610175463243 -0.23754115048720337 0.4277590860803767
img014_RT001.jpg 0.06214791113807049 0.1157996256154133 5.503898443501582 0.8487350002813954 -0.1852446346821162 -0.24316741901958255 0.4315123763534296
img015_RT001.jpg 0.06700485110572782 0.11568467144171324 5.522154501293955 0.850235461079974 -0.1858493821253631 -0.24488629317091706 0.4273059457844605
img016_RT001.jpg 0.0666916958741008 0.12534204508261892 5.516421897949383 0.8460103519411211 -0.18875094116834182 -0.24482844211651414 0.434394521774074
img017_RT001.jpg 0.06891831234516509 0.12237832501288932 5.535527426187097 0.845048531351903 -0.1876959304323292 -0.24592046043148663 0.4361035937713649
img018_RT001.jpg 0.06760629857896007 0.11945788352030327 5.505865429042365 0.8463226897048837 -0.18496474019712109 -0.25262281042899964 0.4309381225018927
img019_RT001.jpg 0.06632428576166328 0.12334765540289112 5.523051258610083 0.8464412604857786 -0.18974640496762135 -0.24732298493855231 0.43169993684293556
img020_RT001.jpg 0.06599713314508035 0.1217516416919309 5.514483304802933 0.8464363922093938 -0.1902302320358419 -0.2498275362752921 0.43005127006178306
img021_RT001.jpg 0.0643627417737491 0.12139103507657456 5.510777176453955 0.8452552337584271 -0.1917309840194103 -0.252803035016895 0.429969121050782
img022_RT001.jpg 0.0640610922127682 0.12558462529550002 5.48399417212637 0.8448851941761738 -0.19140892345104288 -0.2537856158685321 0.4302609601897804
img023_RT001.jpg 0.06680148756185306 0.12478544668279543 5.501900481366884 0.8421657634854728 -0.1926006592631181 -0.25569306704184647 0.43391573874552725
img024_RT001.jpg 0.0649960160411217 0.12186717316314855 5.477696963088458 0.8451743454621233 -0.1939874373293341 -0.2589109746011762 0.425457761901388
img025_RT001.jpg 0.0633278801192766 0.1234288528821209 5.486587315253923 0.8437246465596552 -0.19482418474687108 -0.25984688413931384 0.42737788270872396
img026_RT001.jpg 0.06726087117392783 0.12603692461110222 5.5084751550168 0.8422763052982473 -0.19709540436810152 -0.25819095676600623 0.43018769967813186
img027_RT001.jpg 0.06909110682588619 0.1236664554292414 5.48945375781351 0.8413165976596065 -0.19365869236858216 -0.2668523162697068 0.42833694059005356
img028_RT001.jpg 0.06310821804318203 0.11842797907538204 5.488969654088156 0.8443611095128463 -0.19831525545374135 -0.26427869467329174 0.4217607707437165
img029_RT001.jpg 0.0659678138537604 0.1236865295585409 5.474793333197924 0.8418666939160075 -0.19752187440216923 -0.26857572666416885 0.4243968164988974
img030_RT001.jpg 0.062863047755292 0.12266581116280403 5.461178751568373 0.8408674372148469 -0.20124666167323985 -0.2677840923653031 0.42512752683542254
img031_RT001.jpg 0.06204035211753055 0.12048464511945474 5.443988900888587 0.8437712539073188 -0.20086050270689704 -0.27293380882467344 0.4161877767696454
img032_RT001.jpg 0.06594690158576424 0.12874804043479415 5.477854521803201 0.8369915187504393 -0.20303956229510775 -0.2698973266399786 0.4305526294838259
img033_RT001.jpg 0.06675672512716761 0.12398672076140192 5.488812117765305 0.8392583033338034 -0.2030291454977715 -0.2748832548744726 0.4229229983736122
img034_RT001.jpg 0.06542469503581452 0.12261597146787777 5.464158089304158 0.837613923898239 -0.20340181744565491 -0.27999149778100957 0.4226527845903139
img035_RT001.jpg 0.06773629231696894 0.12335127345817691 5.459866139908408 0.8359828356879176 -0.20167548687873882 -0.28260217136798893 0.42496553879757043
img036_RT001.jpg 0.06738210532325901 0.12270290526430505 5.462161561708375 0.8363216618332597 -0.20395108412104218 -0.2847760395026863 0.4217494997738241
img000_RT001.jpg 0.0689657598377875 0.11342915461477554 5.547862968633945 0.8541257177031863 -0.17653132420113948 -0.2345799454260905 0.4292763668520566
img001_RT001.jpg 0.06906482287173994 0.11256050725554355 5.5606117427229265 0.8559441609158008 -0.17848322633830416 -0.2331249958257591 0.4256243268790629
img002_RT001.jpg 0.06489073071286208 0.10870910138780307 5.5302474891545454 0.8554506758672029 -0.17798287898266768 -0.23274927590257993 0.42702928531215717
img003_RT001.jpg 0.0718191363471576 0.11597070197739985 5.56113771638092 0.8509050816433715 -0.17593687883706735 -0.23621970152135668 0.4349793205564137
img004_RT001.jpg 0.06949002314411744 0.11724900899517166 5.567365338236842 0.8511425954702139 -0.17921312054368402 -0.23351248823479398 0.43463876660925926
img005_RT001.jpg 0.06831465689089893 0.11296728199488881 5.540439601567045 0.8534657352756693 -0.1798954373755964 -0.23460254348496265 0.4291800518572482
img006_RT001.jpg 0.06669311816606101 0.11085926394392615 5.542680065295052 0.8528743063758762 -0.17943329262647356 -0.2376069783305296 0.4288962985031763
img007_RT001.jpg 0.06795435564508366 0.11446277523243961 5.5449992657976175 0.8530035007188982 -0.18008148355163964 -0.23841791343003857 0.4279165638285248
img009_RT001.jpg 0.06563790124856952 0.11689021985470291 5.543287970558421 0.8510943627799374 -0.18201718500918349 -0.23860958532415993 0.4307825388719666
img010_RT001.jpg 0.06644543251700229 0.11199645233662593 5.522160595714248 0.8511770106368315 -0.17937050664422802 -0.243676245228605 0.42888903625626634
img011_RT001.jpg 0.06325160892967623 0.11381187974602403 5.491126325375738 0.8533027126734936 -0.1792448010792075 -0.24409774933939185 0.4244550277680498
img012_RT001.jpg 0.06797547465125679 0.11603516607569349 5.532650293034868 0.8517227726986448 -0.1825789025678441 -0.24198496166910421 0.4274067630836655
img013_RT001.jpg 0.06533357664565598 0.11668159474104862 5.54161954630985 0.8514657486390965 -0.18868610175463243 -0.23754115048720337 0.4277590860803767
img014_RT001.jpg 0.06214791113807049 0.1157996256154133 5.503898443501582 0.8487350002813954 -0.1852446346821162 -0.24316741901958255 0.4315123763534296
img015_RT001.jpg 0.06700485110572782 0.11568467144171324 5.522154501293955 0.850235461079974 -0.1858493821253631 -0.24488629317091706 0.4273059457844605
img016_RT001.jpg 0.0666916958741008 0.12534204508261892 5.516421897949383 0.8460103519411211 -0.18875094116834182 -0.24482844211651414 0.434394521774074
img017_RT001.jpg 0.06891831234516509 0.12237832501288932 5.535527426187097 0.845048531351903 -0.1876959304323292 -0.24592046043148663 0.4361035937713649
img018_RT001.jpg 0.06760629857896007 0.11945788352030327 5.505865429042365 0.8463226897048837 -0.18496474019712109 -0.25262281042899964 0.4309381225018927
img019_RT001.jpg 0.06632428576166328 0.12334765540289112 5.523051258610083 0.8464412604857786 -0.18974640496762135 -0.24732298493855231 0.43169993684293556
img020_RT001.jpg 0.06599713314508035 0.1217516416919309 5.514483304802933 0.8464363922093938 -0.1902302320358419 -0.2498275362752921 0.43005127006178306
img021_RT001.jpg 0.0643627417737491 0.12139103507657456 5.510777176453955 0.8452552337584271 -0.1917309840194103 -0.252803035016895 0.429969121050782
img022_RT001.jpg 0.0640610922127682 0.12558462529550002 5.48399417212637 0.8448851941761738 -0.19140892345104288 -0.2537856158685321 0.4302609601897804
img023_RT001.jpg 0.06680148756185306 0.12478544668279543 5.501900481366884 0.8421657634854728 -0.1926006592631181 -0.25569306704184647 0.43391573874552725
img024_RT001.jpg 0.0649960160411217 0.12186717316314855 5.477696963088458 0.8451743454621233 -0.1939874373293341 -0.2589109746011762 0.425457761901388
img025_RT001.jpg 0.0633278801192766 0.1234288528821209 5.486587315253923 0.8437246465596552 -0.19482418474687108 -0.25984688413931384 0.42737788270872396
img026_RT001.jpg 0.06726087117392783 0.12603692461110222 5.5084751550168 0.8422763052982473 -0.19709540436810152 -0.25819095676600623 0.43018769967813186
img027_RT001.jpg 0.06909110682588619 0.1236664554292414 5.48945375781351 0.8413165976596065 -0.19365869236858216 -0.2668523162697068 0.42833694059005356
img028_RT001.jpg 0.06310821804318203 0.11842797907538204 5.488969654088156 0.8443611095128463 -0.19831525545374135 -0.26427869467329174 0.4217607707437165
img029_RT001.jpg 0.0659678138537604 0.1236865295585409 5.474793333197924 0.8418666939160075 -0.19752187440216923 -0.26857572666416885 0.4243968164988974
img030_RT001.jpg 0.062863047755292 0.12266581116280403 5.461178751568373 0.8408674372148469 -0.20124666167323985 -0.2677840923653031 0.42512752683542254
img031_RT001.jpg 0.06204035211753055 0.12048464511945474 5.443988900888587 0.8437712539073188 -0.20086050270689704 -0.27293380882467344 0.4161877767696454
img032_RT001.jpg 0.06594690158576424 0.12874804043479415 5.477854521803201 0.8369915187504393 -0.20303956229510775 -0.2698973266399786 0.4305526294838259
img033_RT001.jpg 0.06675672512716761 0.12398672076140192 5.488812117765305 0.8392583033338034 -0.2030291454977715 -0.2748832548744726 0.4229229983736122
img034_RT001.jpg 0.06542469503581452 0.12261597146787777 5.464158089304158 0.837613923898239 -0.20340181744565491 -0.27999149778100957 0.4226527845903139
img035_RT001.jpg 0.06773629231696894 0.12335127345817691 5.459866139908408 0.8359828356879176 -0.20167548687873882 -0.28260217136798893 0.42496553879757043
img036_RT001.jpg 0.06738210532325901 0.12270290526430505 5.462161561708375 0.8363216618332597 -0.20395108412104218 -0.2847760395026863 0.4217494997738241
